                  Fresh  Milk Grocery Frozen Detergents_Paper Delicassen
Fresh             1.000 0.101  -0.012  0.346           -0.102      0.245
Milk              0.101 1.000   0.728  0.124            0.662      0.406
Grocery          -0.012 0.728   1.000 -0.040            0.925      0.205
Frozen            0.346 0.124  -0.040  1.000           -0.132      0.391
Detergents_Paper -0.102 0.662   0.925 -0.132            1.000      0.069
Delicassen        0.245 0.406   0.205  0.391            0.069      1.000
